
====================================================================================================
模型：HMM，test结果如下：
           precision    recall  f1-score   support
   E-NAME     0.8900    0.7946    0.8396       112
    M-LOC     0.3889    0.3333    0.3590        21
  B-TITLE     0.8809    0.8912    0.8860       772
   E-CONT     0.9655    1.0000    0.9825        28
    M-ORG     0.8998    0.9299    0.9146      4325
    B-EDU     0.9000    0.9643    0.9310       112
    B-PRO     0.5455    0.7273    0.6234        33
   B-RACE     1.0000    0.9286    0.9630        14
    B-ORG     0.8399    0.8825    0.8607       553
   B-CONT     0.9655    1.0000    0.9825        28
    E-PRO     0.6364    0.8485    0.7273        33
    E-ORG     0.8259    0.8662    0.8455       553
    M-PRO     0.4490    0.6471    0.5301        68
        O     0.9575    0.9150    0.9358      5190
  E-TITLE     0.9502    0.9637    0.9569       772
   E-RACE     1.0000    0.9286    0.9630        14
   M-NAME     0.8642    0.8537    0.8589        82
    B-LOC     0.2222    0.3333    0.2667         6
   B-NAME     0.9785    0.8125    0.8878       112
  M-TITLE     0.9014    0.8757    0.8884      1922
    E-LOC     0.3000    0.5000    0.3750         6
   M-CONT     0.9815    1.0000    0.9907        53
    E-EDU     0.8333    0.9821    0.9016       112
    M-EDU     0.9348    0.9609    0.9477       179
avg/total     0.9129    0.9097    0.9107     15100

====================================================================================================
模型：CRF，test结果如下：
           precision    recall  f1-score   support
   E-NAME     1.0000    0.9821    0.9910       112
    M-LOC     1.0000    0.8095    0.8947        21
  B-TITLE     0.9376    0.9339    0.9358       772
   E-CONT     1.0000    1.0000    1.0000        28
    M-ORG     0.9523    0.9563    0.9543      4325
    B-EDU     0.9820    0.9732    0.9776       112
    B-PRO     0.9091    0.9091    0.9091        33
   B-RACE     1.0000    1.0000    1.0000        14
    B-ORG     0.9636    0.9566    0.9601       553
   B-CONT     1.0000    1.0000    1.0000        28
    E-PRO     0.9091    0.9091    0.9091        33
    E-ORG     0.9199    0.9132    0.9165       553
    M-PRO     0.8354    0.9706    0.8980        68
        O     0.9630    0.9732    0.9681      5190
  E-TITLE     0.9857    0.9819    0.9838       772
   E-RACE     1.0000    1.0000    1.0000        14
   M-NAME     1.0000    0.9756    0.9877        82
    B-LOC     1.0000    0.8333    0.9091         6
   B-NAME     1.0000    0.9821    0.9910       112
  M-TITLE     0.9248    0.9022    0.9134      1922
    E-LOC     1.0000    0.8333    0.9091         6
   M-CONT     1.0000    1.0000    1.0000        53
    E-EDU     0.9910    0.9821    0.9865       112
    M-EDU     0.9824    0.9330    0.9570       179
avg/total     0.9543    0.9543    0.9542     15100

====================================================================================================
模型：Bi_LSTM，test结果如下：
           precision    recall  f1-score   support
   E-NAME     1.0000    0.9643    0.9818       112
    M-LOC     1.0000    0.8095    0.8947        21
  B-TITLE     0.9656    0.9093    0.9366       772
   E-CONT     1.0000    1.0000    1.0000        28
    M-ORG     0.9728    0.9519    0.9623      4325
    B-EDU     0.9821    0.9821    0.9821       112
    B-PRO     1.0000    0.7273    0.8421        33
   B-RACE     1.0000    0.9286    0.9630        14
    B-ORG     0.9615    0.9494    0.9554       553
   B-CONT     1.0000    1.0000    1.0000        28
    E-PRO     0.9118    0.9394    0.9254        33
    E-ORG     0.9439    0.8825    0.9121       553
    M-PRO     0.7531    0.8971    0.8188        68
        O     0.9328    0.9927    0.9618      5190
  E-TITLE     0.9857    0.9819    0.9838       772
   E-RACE     1.0000    1.0000    1.0000        14
   M-NAME     0.9506    0.9390    0.9448        82
    B-LOC     1.0000    0.8333    0.9091         6
   B-NAME     0.9811    0.9286    0.9541       112
  M-TITLE     0.9425    0.8788    0.9095      1922
    E-LOC     1.0000    0.8333    0.9091         6
   M-CONT     1.0000    1.0000    1.0000        53
    E-EDU     0.9730    0.9643    0.9686       112
    M-EDU     0.9598    0.9330    0.9462       179
avg/total     0.9533    0.9526    0.9523     15100

====================================================================================================
模型：Bi_LSTM+CRF，test结果如下：
           precision    recall  f1-score   support
   E-NAME     1.0000    0.9554    0.9772       112
    M-LOC     1.0000    0.8571    0.9231        21
  B-TITLE     0.9396    0.9275    0.9335       772
   E-CONT     1.0000    1.0000    1.0000        28
    M-ORG     0.9526    0.9625    0.9576      4325
    B-EDU     0.9643    0.9643    0.9643       112
    B-PRO     0.8966    0.7879    0.8387        33
   B-RACE     1.0000    0.9286    0.9630        14
    B-ORG     0.9704    0.9494    0.9598       553
   B-CONT     1.0000    1.0000    1.0000        28
    E-PRO     0.8571    0.9091    0.8824        33
    E-ORG     0.9210    0.9060    0.9134       553
    M-PRO     0.7595    0.8824    0.8163        68
        O     0.9579    0.9778    0.9678      5190
  E-TITLE     0.9882    0.9767    0.9824       772
   E-RACE     1.0000    1.0000    1.0000        14
   M-NAME     1.0000    0.9756    0.9877        82
    B-LOC     1.0000    0.8333    0.9091         6
   B-NAME     0.9907    0.9554    0.9727       112
  M-TITLE     0.9294    0.8829    0.9055      1922
    E-LOC     1.0000    0.8333    0.9091         6
   M-CONT     1.0000    1.0000    1.0000        53
    E-EDU     0.9815    0.9464    0.9636       112
    M-EDU     0.9598    0.9330    0.9462       179
avg/total     0.9527    0.9527    0.9525     15100

====================================================================================================
模型：ensembel，test结果如下：
           precision    recall  f1-score   support
   E-NAME     1.0000    0.9643    0.9818       112
    M-LOC     1.0000    0.8095    0.8947        21
  B-TITLE     0.9509    0.9275    0.9390       772
   E-CONT     1.0000    1.0000    1.0000        28
    M-ORG     0.9441    0.9681    0.9559      4325
    B-EDU     0.9649    0.9821    0.9735       112
    B-PRO     0.8000    0.7273    0.7619        33
   B-RACE     1.0000    0.9286    0.9630        14
    B-ORG     0.9709    0.9638    0.9673       553
   B-CONT     1.0000    1.0000    1.0000        28
    E-PRO     0.9118    0.9394    0.9254        33
    E-ORG     0.9348    0.9078    0.9211       553
    M-PRO     0.7632    0.8529    0.8056        68
        O     0.9631    0.9719    0.9675      5190
  E-TITLE     0.9896    0.9832    0.9864       772
   E-RACE     1.0000    1.0000    1.0000        14
   M-NAME     1.0000    0.9878    0.9939        82
    B-LOC     1.0000    0.8333    0.9091         6
   B-NAME     1.0000    0.9554    0.9772       112
  M-TITLE     0.9429    0.8933    0.9174      1922
    E-LOC     1.0000    0.8333    0.9091         6
   M-CONT     1.0000    1.0000    1.0000        53
    E-EDU     0.9646    0.9732    0.9689       112
    M-EDU     0.9714    0.9497    0.9605       179
avg/total     0.9550    0.9549    0.9547     15100

====================================================================================================
模型：HMM，test结果如下：
           precision    recall  f1-score   support
   B-RACE     1.0000    0.9286    0.9630        14
   E-NAME     0.8900    0.7946    0.8396       112
    M-EDU     0.9348    0.9609    0.9477       179
    M-PRO     0.4490    0.6471    0.5301        68
  E-TITLE     0.9502    0.9637    0.9569       772
  B-TITLE     0.8809    0.8912    0.8860       772
    E-LOC     0.3000    0.5000    0.3750         6
    B-PRO     0.5455    0.7273    0.6234        33
    B-LOC     0.2222    0.3333    0.2667         6
    B-ORG     0.8399    0.8825    0.8607       553
    M-LOC     0.3889    0.3333    0.3590        21
   B-CONT     0.9655    1.0000    0.9825        28
   M-NAME     0.8642    0.8537    0.8589        82
        O     0.9575    0.9150    0.9358      5190
   E-CONT     0.9655    1.0000    0.9825        28
   B-NAME     0.9785    0.8125    0.8878       112
   E-RACE     1.0000    0.9286    0.9630        14
   M-CONT     0.9815    1.0000    0.9907        53
  M-TITLE     0.9014    0.8757    0.8884      1922
    E-EDU     0.8333    0.9821    0.9016       112
    B-EDU     0.9000    0.9643    0.9310       112
    E-ORG     0.8259    0.8662    0.8455       553
    M-ORG     0.8998    0.9299    0.9146      4325
    E-PRO     0.6364    0.8485    0.7273        33
avg/total     0.9129    0.9097    0.9107     15100

====================================================================================================
模型：CRF，test结果如下：
           precision    recall  f1-score   support
   B-RACE     1.0000    1.0000    1.0000        14
   E-NAME     1.0000    0.9821    0.9910       112
    M-EDU     0.9824    0.9330    0.9570       179
    M-PRO     0.8354    0.9706    0.8980        68
  E-TITLE     0.9857    0.9819    0.9838       772
  B-TITLE     0.9376    0.9339    0.9358       772
    E-LOC     1.0000    0.8333    0.9091         6
    B-PRO     0.9091    0.9091    0.9091        33
    B-LOC     1.0000    0.8333    0.9091         6
    B-ORG     0.9636    0.9566    0.9601       553
    M-LOC     1.0000    0.8095    0.8947        21
   B-CONT     1.0000    1.0000    1.0000        28
   M-NAME     1.0000    0.9756    0.9877        82
        O     0.9630    0.9732    0.9681      5190
   E-CONT     1.0000    1.0000    1.0000        28
   B-NAME     1.0000    0.9821    0.9910       112
   E-RACE     1.0000    1.0000    1.0000        14
   M-CONT     1.0000    1.0000    1.0000        53
  M-TITLE     0.9248    0.9022    0.9134      1922
    E-EDU     0.9910    0.9821    0.9865       112
    B-EDU     0.9820    0.9732    0.9776       112
    E-ORG     0.9199    0.9132    0.9165       553
    M-ORG     0.9523    0.9563    0.9543      4325
    E-PRO     0.9091    0.9091    0.9091        33
avg/total     0.9543    0.9543    0.9542     15100

====================================================================================================
模型：Bi_LSTM，test结果如下：
           precision    recall  f1-score   support
   B-RACE     1.0000    0.9286    0.9630        14
   E-NAME     0.9823    0.9911    0.9867       112
    M-EDU     0.9763    0.9218    0.9483       179
    M-PRO     0.8077    0.9265    0.8630        68
  E-TITLE     0.9832    0.9832    0.9832       772
  B-TITLE     0.9355    0.9210    0.9282       772
    E-LOC     1.0000    0.8333    0.9091         6
    B-PRO     0.9643    0.8182    0.8852        33
    B-LOC     0.8571    1.0000    0.9231         6
    B-ORG     0.9396    0.9566    0.9480       553
    M-LOC     1.0000    0.9048    0.9500        21
   B-CONT     1.0000    1.0000    1.0000        28
   M-NAME     0.9146    0.9146    0.9146        82
        O     0.9612    0.9823    0.9716      5190
   E-CONT     1.0000    1.0000    1.0000        28
   B-NAME     0.9469    0.9554    0.9511       112
   E-RACE     1.0000    1.0000    1.0000        14
   M-CONT     1.0000    1.0000    1.0000        53
  M-TITLE     0.9131    0.9131    0.9131      1922
    E-EDU     0.9818    0.9643    0.9730       112
    B-EDU     0.9908    0.9643    0.9774       112
    E-ORG     0.9466    0.8969    0.9211       553
    M-ORG     0.9678    0.9512    0.9594      4325
    E-PRO     0.8857    0.9394    0.9118        33
avg/total     0.9553    0.9552    0.9551     15100

====================================================================================================
模型：Bi_LSTM+CRF，test结果如下：
           precision    recall  f1-score   support
   B-RACE     1.0000    0.9286    0.9630        14
   E-NAME     1.0000    0.9732    0.9864       112
    M-EDU     0.9538    0.9218    0.9375       179
    M-PRO     0.8228    0.9559    0.8844        68
  E-TITLE     0.9870    0.9832    0.9851       772
  B-TITLE     0.9387    0.9326    0.9357       772
    E-LOC     1.0000    0.8333    0.9091         6
    B-PRO     0.9091    0.9091    0.9091        33
    B-LOC     0.8333    0.8333    0.8333         6
    B-ORG     0.9656    0.9638    0.9647       553
    M-LOC     1.0000    0.8095    0.8947        21
   B-CONT     1.0000    1.0000    1.0000        28
   M-NAME     0.9302    0.9756    0.9524        82
        O     0.9614    0.9842    0.9727      5190
   E-CONT     1.0000    1.0000    1.0000        28
   B-NAME     0.9906    0.9375    0.9633       112
   E-RACE     1.0000    1.0000    1.0000        14
   M-CONT     1.0000    1.0000    1.0000        53
  M-TITLE     0.9383    0.8939    0.9155      1922
    E-EDU     0.9815    0.9464    0.9636       112
    B-EDU     1.0000    0.9643    0.9818       112
    E-ORG     0.9422    0.9132    0.9275       553
    M-ORG     0.9596    0.9614    0.9605      4325
    E-PRO     0.9394    0.9394    0.9394        33
avg/total     0.9578    0.9578    0.9576     15100

====================================================================================================
模型：ensembel，test结果如下：
           precision    recall  f1-score   support
   B-RACE     1.0000    0.9286    0.9630        14
   E-NAME     1.0000    0.9732    0.9864       112
    M-EDU     0.9767    0.9385    0.9573       179
    M-PRO     0.8289    0.9265    0.8750        68
  E-TITLE     0.9870    0.9819    0.9844       772
  B-TITLE     0.9486    0.9326    0.9406       772
    E-LOC     1.0000    0.8333    0.9091         6
    B-PRO     0.8710    0.8182    0.8437        33
    B-LOC     0.8333    0.8333    0.8333         6
    B-ORG     0.9659    0.9747    0.9703       553
    M-LOC     1.0000    0.8095    0.8947        21
   B-CONT     1.0000    1.0000    1.0000        28
   M-NAME     0.9880    1.0000    0.9939        82
        O     0.9672    0.9723    0.9697      5190
   E-CONT     1.0000    1.0000    1.0000        28
   B-NAME     1.0000    0.9554    0.9772       112
   E-RACE     1.0000    1.0000    1.0000        14
   M-CONT     1.0000    1.0000    1.0000        53
  M-TITLE     0.9328    0.9027    0.9175      1922
    E-EDU     0.9909    0.9732    0.9820       112
    B-EDU     0.9735    0.9821    0.9778       112
    E-ORG     0.9403    0.9114    0.9256       553
    M-ORG     0.9448    0.9621    0.9534      4325
    E-PRO     0.9394    0.9394    0.9394        33
avg/total     0.9558    0.9558    0.9557     15100
